rownum,State,District,Year,Jan,Feb,Mar,Apr,May,Jun,Jul,Aug,Sep,Oct,Nov,Dec
1,Andhra Pradesh,Adilabad,2000,0,11.243,0,4.892,39.883,213.245,260.107,449.676,71.194,21.801,1.11,0.894
2,Andhra Pradesh,Anantapur,2000,0,5.876,0,45.422,74.744,76.743,72.593,185.413,118.197,176.051,7.881,4.431
3,Andhra Pradesh,Chittoor,2000,0.008,29.256,0,40.611,59.111,94.714,98.985,171.999,163.666,216.036,33.587,18.495
4,Andhra Pradesh,Cuddapah,2000,0,13.219,0,28.022,61.744,78.884,73.599,184.146,123.56,148.136,17.407,7.739
5,Andhra Pradesh,East Godavari,2000,0,46.978,0,8.293,57.992,329.31,203.998,354.476,149.938,105.086,8.197,0.594
6,Andhra Pradesh,Guntur,2000,0,29.479,0,9.437,67.882,176.842,118.591,271.097,99.692,73.111,21.238,3.15
7,Andhra Pradesh,Hyderabad,2000,0,9.699,0,12.41,71.569,231.2,154.031,544.261,69.909,30.653,2.515,1.631
8,Andhra Pradesh,Karimnagar,2000,0,16.491,0,8.315,44.85,231.495,214.992,472.427,70.141,33.428,1.703,1.11
9,Andhra Pradesh,Khammam,2000,0,33.634,0,10.863,65.732,303.553,197.565,419.547,109.193,69.274,4.309,0.548
10,Andhra Pradesh,Krishna,2000,0,35.983,0,6.925,78.569,260.732,166.505,346.158,125.564,61.234,15.717,1.847
11,Andhra Pradesh,Kurnool,2000,0,4.584,0,21.746,67.386,91.179,56.566,180.246,91.04,102.635,6.716,3.729
12,Andhra Pradesh,Mahbubnagar,2000,0,7.87,0,18.705,69.24,160.512,98.987,339.999,84.596,59.851,4.066,2.5
13,Andhra Pradesh,Medak,2000,0,12.614,0,10.079,60.284,227.835,150.084,478.257,65.612,24.638,3.177,1.704
14,Andhra Pradesh,Nalgonda,2000,0,19.202,0,11.5,64.638,199.678,123.639,396.94,76.508,38.527,5.514,1.848
15,Andhra Pradesh,Nellore,2000,0.001,30.855,0,17.432,44.012,91.709,93.81,150.554,124.983,163.897,57.556,18.016
16,Andhra Pradesh,Nizamabad,2000,0,10.476,0,7.729,40.866,227.345,188.878,469.347,65.782,17.254,2.446,1.036
17,Andhra Pradesh,Prakasam,2000,0,18.498,0,12.194,55.707,117.958,91.129,208.638,91.684,100.085,28.078,5.556
18,Andhra Pradesh,Rangareddi,2000,0,9.556,0,13.194,69.211,214.697,137.572,474.56,81.82,33.296,3.064,1.722
19,Andhra Pradesh,Srikakulam,2000,0.018,29.166,0.01,15.305,37.997,236.686,101.001,200.021,99.917,113.24,9.99,0.102
20,Andhra Pradesh,Vishakhapatnam,2000,0,41.441,0,13.864,43.201,306.308,168.055,312.672,134.718,144.511,2.897,0.048
21,Andhra Pradesh,Vizianagaram,2000,0,31.016,0,19.836,38.502,265.521,139.41,266.612,115.908,130.221,3.45,0.014
22,Andhra Pradesh,Warangal,2000,0,29.621,0,11.223,43.788,238.784,155.833,408.973,72.511,54.028,2.7,1.218
23,Andhra Pradesh,West Godavari,2000,0,46.558,0,6.538,71.185,311.643,204.947,381.619,146.151,75.083,10.344,0.852
24,Arunachal Pradesh,Changlang,2000,31.231,13.285,60.94,185.635,213.86,264.225,323.216,371.473,262.144,64.021,8.423,0.48
25,Arunachal Pradesh,Dibang Valley,2000,38.871,8.245,56.274,236.186,221.82,214.674,316.565,336.434,236.931,46.611,8.918,1.571
26,Arunachal Pradesh,East Kameng,2000,16.311,10.868,63.394,115.968,403.326,379.746,333.57,484.788,257.777,44.152,4.109,0.896
27,Arunachal Pradesh,East Siang,2000,45.472,10.011,87.615,233.358,290.655,258.541,354.728,400.183,271.448,43.578,8.859,0.916
28,Arunachal Pradesh,Lohit,2000,36.246,12.511,62.509,223.923,213.799,238.073,320.541,368.454,257.44,60.129,9.646,1.213
29,Arunachal Pradesh,Lower Subansiri,2000,18.882,8.129,71.15,122.901,326.908,321.195,322.998,430.69,250.337,35.776,4.914,0.512
30,Arunachal Pradesh,Tawang,2000,10.11,6.631,82.946,38.277,383.769,438.547,346.688,523.675,289.145,36.093,2.009,0.713
31,Arunachal Pradesh,Tirap,2000,31.618,15.547,60.947,195.039,257.792,254.793,334.844,379.558,258.943,63.12,7.297,0.68
32,Arunachal Pradesh,Upper Subansiri,2000,20.772,4.598,78.652,119.719,264.877,261.051,309.594,387.141,238.043,25.29,5.274,0.157
33,Arunachal Pradesh,West Kameng,2000,12.084,8.495,69.419,77.782,396.149,420.913,333.65,506.771,266.213,40.959,3.685,0.802
34,Arunachal Pradesh,West Siang,2000,25.891,5.504,73.796,158.747,245.479,230.269,307.051,359.293,228.461,30.284,6.29,0.561
35,Assam,Barpeta,2000,7.079,12.644,51.426,49.584,612.009,651.237,341.982,633.601,291.942,68.292,2.445,0.86
36,Assam,Cachar,2000,24.126,48.264,103.68,460.333,677.267,209.452,351.466,685.856,306.995,130.768,6.872,5.782
37,Assam,Darrang,2000,10.035,16.249,64.511,123.57,581.172,545.397,388.555,649.074,300.943,73.469,3.039,1.73
38,Assam,Dhemaji,2000,41.748,14.801,81.913,227.04,356.07,311.069,363.396,442.057,284.204,52.058,7.652,0.566
39,Assam,Dhubri,2000,7.937,11.546,25.029,43.14,399.937,482.388,262.482,480.719,287.394,51.69,1.232,0.734
40,Assam,Dibrugarh,2000,44.91,16.336,75.274,257.995,341.01,293.126,369.582,434.122,288.585,58.819,8.179,0.843
41,Assam,Golaghat,2000,30.068,20.526,78.279,257.046,398.533,241.748,326.017,465.87,248.482,70.393,5.002,3.299
42,Assam,Golapara,2000,9.202,12.133,35.824,61.734,578.443,601.556,313.264,595.148,283.049,69.87,2.852,0.794
43,Assam,Hailakandi,2000,21.376,47.168,89.091,448.429,648.777,207.073,320.964,663.172,282.727,130.465,9.772,6.021
44,Assam,Jorhat,2000,36.75,18.898,71.049,256.314,364.01,241.078,332.311,445.375,255.685,64.103,5.415,2.971
45,Assam,Kamrup,2000,11.692,19.662,67.399,188.527,747.992,611.646,459.259,810.962,351.419,101.688,4.394,2.735
46,Assam,Karbi Anglong,2000,28.648,26.269,105.86,383.712,584.317,252.623,453.218,685.645,337.67,104.643,4.923,4.9
47,Assam,Karimganj,2000,17.775,40.71,73.947,399.69,655.614,164.937,270.082,589.803,257.582,117.379,10.803,4.774
48,Assam,Kokrajhar,2000,5.167,9.42,47.063,42.243,450.065,580.901,312.208,564.161,321.338,47.975,0.903,0.425
49,Assam,Lakhimpur,2000,29.185,16.22,64.291,197.941,380.691,325.756,341.942,450.73,261.318,55.337,5.672,1.258
50,Assam,Nagaon,2000,22.847,23.136,95.236,350.003,646.017,397.428,506.947,764.804,374.673,109.538,4.494,4.664
51,Assam,Nalbari,2000,6.888,14.124,58.174,56.203,619.557,640.379,358.071,644.212,291.592,69.224,2.862,1.113
52,Assam,North Cachar Hills,2000,28.334,41.913,125.922,451.519,685.116,212.077,427.077,728.397,351.927,123.637,5.439,5.333
53,Assam,Sibsagar,2000,37.974,17.92,69.146,247.89,335.943,269.331,350.537,430.014,270.596,62.222,7.093,1.552
54,Assam,Sonitpur,2000,17.361,16.242,56.162,152.569,456.885,401.803,345.944,523.734,260.713,60.822,3.476,1.547
55,Assam,Tinsukia,2000,46.968,14.473,72.016,245.63,281.136,282.933,363.418,399.506,287.535,58.361,8.874,0.444
56,Bihar,Araria,2000,13.51,8.809,17.094,21.285,70.467,219.303,170.685,237.437,281.063,5.126,0.001,0.004
57,Bihar,Aurangabad,2000,11.593,21.994,1.259,12.369,4.758,131.434,98.237,105.424,230.394,0.541,0,0.024
58,Bihar,Banka,2000,7.254,22.291,3.567,19.697,38.441,183.089,120.006,199.524,244.471,17.548,0.905,0.607
59,Bihar,Begusarai,2000,11.24,13.609,7.558,11.833,21.132,144.835,113.657,161.476,260.802,3.611,0,0.029
60,Bihar,Bhagalpur,2000,9.058,14.483,4.359,16.044,39.294,174.794,115.198,200.54,250.91,15.769,0.269,0.189
61,Bihar,Bhojpur,2000,11.65,20.594,3.694,8.547,5.727,116.481,108.185,113.319,214.902,0.559,0,0.274
62,Bihar,Buxar,2000,11.541,19.817,2.563,6.852,5.648,109.01,105.511,119.66,205.368,0.472,0,0.184
63,Bihar,Darbhanga,2000,11.668,11.279,11.844,13.325,27.086,136.111,134.657,166.821,248.717,0.88,0,0.332
64,Bihar,Gaya,2000,10.93,23.058,1.711,15.189,7.497,145.056,102.032,118.654,243.572,2.059,0.129,0.039
65,Bihar,Gopalganj,2000,11.652,13.681,4.946,8.599,11.683,116.474,132.405,141.087,212.422,0.556,0,0.446
66,Bihar,Jamui,2000,8.616,23.917,2.635,18.025,26.757,174.221,112.573,175.737,247.704,11.75,0.671,0.701
67,Bihar,Jehanabad,2000,11.925,19.795,4.336,11.264,5.818,127.756,105.767,115.973,234.894,0.599,0,0.13
68,Bihar,Kaimur,2000,11.624,19.516,0.331,6.95,5.865,116.817,127.184,120.651,236.873,0.439,0,0
69,Bihar,Katihar,2000,10.412,12.54,7.231,22.138,68.377,208.658,141.992,237.936,253.59,18.149,0.362,0.283
70,Bihar,Khagaria,2000,10.848,12.438,8.218,13.345,29.741,154.229,117.343,175.785,260.344,6.398,0.073,0
71,Bihar,Kishanganj,2000,13.569,8.796,17.6,26.941,108.247,279.953,209.316,298.857,315.875,11.509,0.067,0.067
72,Bihar,Lakhisarai,2000,10.278,15.698,5.73,12.246,19.803,151.05,107.816,162.346,259.353,5.761,0.008,0.009
73,Bihar,Madhepura,2000,11.991,10.345,11.572,15.337,39.559,164.475,130.049,187.94,259.925,5.25,0.012,0.005
74,Bihar,Madhubani,2000,12.056,9.828,14.014,17.071,36.61,148.595,148.419,181.099,250.042,0.89,0,0.403
75,Bihar,Munger,2000,9.258,15.801,4.91,13.583,27.368,159.944,109.719,177.161,256.297,10.295,0.162,0.033
76,Bihar,Muzaffarpur,2000,11.232,15.729,8.695,11.564,16.974,120.913,136.968,143.367,231.26,0.801,0,0.587
77,Bihar,Nalanda,2000,11.707,17.819,5.473,12.151,9.111,138.834,107.949,137.068,254.478,1.062,0.001,0.001
78,Bihar,Nawada,2000,10.442,22.314,2.072,15.599,14.123,159.145,102.9,148.352,250.016,5.446,0.241,0.244
79,Bihar,Paschim Champaran,2000,12.831,13.816,8.98,19.065,26.644,179.572,178.885,180.566,242.585,0.683,0,1.119
80,Bihar,Patna,2000,11.627,19.336,5.407,10.783,8.75,130.913,110.454,128.32,240.098,0.955,0,0.147
81,Bihar,Purba Champaran,2000,12.418,13.657,8.005,14.576,18.525,138.629,153.111,149.184,234.338,0.72,0,0.717
82,Bihar,Purnia,2000,11.598,11.144,9.464,19.696,61.403,202.818,142.718,225.034,258.868,12.305,0.07,0.07
83,Bihar,Rohtas,2000,11.775,20.772,1.03,8.946,5.128,121.057,113.728,113.256,228.617,0.486,0,0.074
84,Bihar,Saharsa,2000,11.931,10.364,10.965,13.716,32.489,152.356,124.226,175.882,261.624,3.707,0,0.013
85,Bihar,Samastipur,2000,12.478,12.568,9.129,11.044,19.069,133.395,120.757,153.549,258.387,0.813,0,0.143
86,Bihar,Saran,2000,11.389,19.736,5.144,7.938,8.496,115.795,119.22,120.592,215.175,0.616,0,0.401
87,Bihar,Sheikhpura,2000,11.553,16.549,6.056,12.164,12.268,145.385,108.709,149.155,261.536,1.881,0.013,0.013
88,Bihar,Sheohar,2000,11.84,15.369,9.117,14.184,18.876,130.012,149.972,145.878,235.433,0.8,0,0.775
89,Bihar,Sitamarhi,2000,11.47,12.265,12.098,18.027,29.042,145.382,158.341,166.777,250.232,0.868,0,0.902
90,Bihar,Siwan,2000,11.175,14.131,4.55,6.425,9.6,106.883,124.791,132.881,207.556,0.528,0,0.357
91,Bihar,Supaul,2000,13.681,8.63,16.406,17.858,48.541,173.777,152.199,200.673,261.869,1.164,0,0.018
92,Bihar,Vaishali,2000,11.474,20.876,7.391,9.891,12.061,126.427,120.119,134.309,237.097,0.721,0,0.281
93,Chandigarh,Chandigarh,2000,15.8,27.7,6,1.9,15,87.6,236.5,134.6,46,0,2.9,0.2
94,Chattisgarh,Bastar,2000,0.008,30.253,0,17.44,45.994,318.126,255.674,366.698,97.315,85.823,0.39,0.218
95,Chattisgarh,Bilaspur,2000,20.084,35.982,10.045,3.153,16.96,94.128,215.905,143.746,63.664,0,3.523,0.942
96,Chattisgarh,Dantewada,2000,0,36.133,0,14.31,49.603,315.176,221.745,418.21,92.938,87.457,1.535,0.439
97,Chattisgarh,Dhamtari,2000,0.412,22.662,0.002,12.602,27.682,281.98,283.753,266.003,113.626,49.655,0,0
98,Chattisgarh,Durg,2000,0.866,22.87,0,6.126,25.003,228.082,322.753,219.265,113.863,31.648,0,0.001
99,Chattisgarh,Janjgir,2000,2.299,38.626,0.199,10.422,20.711,257.555,248.342,240.05,155.506,26.481,0,0
100,Chattisgarh,Jashpur,2000,4.851,46.27,0.199,15.173,9.358,269.526,189.349,240.462,204.867,18.591,0.15,0
101,Chattisgarh,Kanker,2000,0.047,23.706,0,9.367,36.526,261.43,308.535,300.111,96.349,51.891,0.074,0.128
102,Chattisgarh,Kawardha,2000,2.639,28.65,0.124,3.807,20.871,197.926,377.181,194.106,138.295,14.891,0,0.006
103,Chattisgarh,Korba,2000,3.207,30.795,0.157,6.232,20.856,218.102,275.87,190.014,155.717,16.959,0,0
104,Chattisgarh,Koriya,2000,7.264,24.499,0.107,4.808,20.251,163.319,239.59,141,193.429,4.466,0,0
105,Chattisgarh,Mahasamund,2000,1.496,39.759,0.201,14.115,22.763,286.05,244.192,261.795,135.23,38.183,0,0
106,Chattisgarh,Raigarh,2000,2.514,43.117,0.2,13.49,13.334,272.413,220.255,263.966,178.613,26.602,0.007,0
107,Chattisgarh,Raipur,2000,1.256,30.017,0.1,12.318,26.982,282.079,265.869,253.246,125.45,42.267,0.024,0
108,Chattisgarh,Rajnandgaon,2000,0.577,26.285,0,4.425,26.342,213.481,378.729,229.806,110.084,29.986,0.005,0.035
109,Chattisgarh,Surguja,2000,6.657,32.486,0.064,9.239,12.721,227.882,210.418,159.516,196.282,10.784,0.003,0
110,Dadra & Nagar Haveli,Dadra & Nagar Haveli,2000,0,0,0,0,22.602,341.727,603.201,234.86,114.81,13.348,5.65,1.965
111,Delhi,New Delhi,2000,22.398,42.016,12.58,0.691,12.074,80.69,272.234,125.493,20.492,0,2.644,21.908
112,Gujarat,Ahmadabad,2000,0,0,0,0,9.196,55.405,335.661,81.557,8.842,2.065,1.293,0
113,Gujarat,Amreli,2000,0,0,0,0,16.822,55.892,376.289,103.858,3.447,10.65,1.006,0
114,Gujarat,Anand,2000,0,0,0,0,11.863,86.638,346.262,88.081,23.68,2.022,3.982,0
115,Gujarat,Banas Kantha,2000,0,0.35,0,0.068,12.802,31.84,287.656,71.506,2.452,0.01,0.797,0
116,Gujarat,Bharuch,2000,0,0,0,0,28.12,166.328,487.935,130.338,49.683,5.607,5.806,0.003
117,Gujarat,Bhavnagar,2000,0,0,0,0,19.091,98.535,419.157,119.03,16.889,8.554,3.957,0
118,Gujarat,Dohad,2000,0,0.045,0,0,14.529,100.954,411.556,144.164,14.201,3.559,0.884,0
119,Gujarat,Gandhinagar,2000,0,0,0,0,19.6,57.9,416.4,92.9,7.2,0.8,0.3,0
120,Gujarat,Kachchh,2000,0.168,0.018,0,0,1.67,8.71,228.928,76.445,1.219,0.085,0.101,0
121,Gujarat,Kheda,2000,0,0.004,0,0,13.491,74.626,421.343,99.817,14.518,1.326,1.491,0
122,Gujarat,Mahesana,2000,0,0.134,0,0.007,18.945,48.185,378.255,88.336,4.175,0.355,0.341,0
123,Gujarat,Narmada,2000,0,0,0,0,23.268,251.015,656.075,201.272,69.78,9.266,5.333,0.188
124,Gujarat,Panch Mahals,2000,0,0.053,0,0,14.078,98.86,435.333,133.128,16.265,2.777,1.507,0
125,Gujarat,Patan,2000,0,0.015,0,0,8.809,36.115,305.6,84.642,2.645,0.135,0.086,0
126,Gujarat,Rajkot,2000,0,0,0,0,9.544,33.127,480.439,133.803,2.185,6.228,0.306,0
127,Gujarat,Sabar Kantha,2000,0,0.291,0,0.101,24.796,61.662,456.06,108.331,6.33,0.571,0.604,0
128,Gujarat,Surat,2000,0,0,0,0,24.947,201.995,462.272,161.763,68.905,9.152,5.13,0.75
129,Gujarat,Surendranagar,2000,0,0,0,0,5.782,41.951,373.734,109.259,3.34,2.721,0.348,0
130,Gujarat,The Dangs,2000,0,0,0,0,25.444,280.156,585.72,242.533,106.264,15.714,6.754,2.429
131,Gujarat,Vadodara,2000,0,0,0,0,17.467,131.646,437.69,134.194,34.201,4.814,3.897,0.012
132,Haryana,Ambala,2000,17.209,31.84,8.556,1.765,15.217,93.162,237.152,141.453,39.844,0,3.04,4.499
133,Haryana,Bhiwani,2000,11.78,23.839,6.91,0.395,10.336,58.104,219.684,75.383,10.46,0,4.888,12.276
134,Haryana,Faridabad,2000,15.963,33.362,9.326,1.261,14.276,68.978,283.337,127.668,24.492,0,2.402,16.135
135,Haryana,Fatehabad,2000,11.193,19.348,7.188,0.362,8.469,42.791,188.134,59.917,11.74,0,4.096,8.145
136,Haryana,Gurgaon,2000,15.057,31.712,8.249,1.261,13.845,66.155,284.968,115.825,21.321,0,2.578,14.67
137,Haryana,Hisar,2000,12.016,23.265,7.153,0.407,9.459,50.685,200.014,67.397,11.301,0,3.793,10.693
138,Haryana,Jhajjar,2000,15.714,32.875,9.98,0.539,10.233,67.9,250.859,103.913,15.359,0,3.355,17.444
139,Haryana,Jind,2000,17.031,29.239,10.546,0.498,9.98,60.57,220.614,84.095,15.584,0,4.272,13.064
140,Haryana,Kaithal,2000,18.123,29.581,11.34,0.648,10.377,64.605,225.153,92.954,20.608,0,3.603,10.543
141,Haryana,Karnal,2000,20.012,33.598,12.102,0.977,13.046,80.836,242.211,125.407,27.563,0,3.274,12.316
142,Haryana,Kurukshetra,2000,18.031,31.294,9.82,1.283,13.65,82.451,235.711,126.745,32.445,0,3.356,7.653
143,Haryana,Mahendragarh,2000,9.915,29.842,5.43,1.033,11.69,63.199,275.643,83.296,11.555,0,4.432,13.345
144,Haryana,Panchkula,2000,17.082,31.44,6.97,2.35,16.732,99.064,236.015,145.545,50.433,0,2.762,0.304
145,Haryana,Panipat,2000,21.582,33.297,12.717,0.693,11.857,74.844,246.945,114.204,21.634,0,3.732,15.852
146,Haryana,Rewari,2000,14.124,31.992,7.277,0.856,11.181,68.622,270.346,96.025,13.796,0,3.657,14.85
147,Haryana,Rohtak,2000,15.658,30.063,9.469,0.464,10.113,64.7,236.475,94.731,14.214,0,4.212,15.751
148,Haryana,Sirsa,2000,8.089,12.288,4.37,0.236,6.573,32.999,166.855,44.868,8.353,0,3.973,4.988
149,Haryana,Sonipat,2000,21.389,34.903,12.407,0.6,11.335,74.052,252.897,112.98,19.303,0,3.724,18.06
150,Haryana,Yamunanagar,2000,16.537,33.295,7.998,2.051,16.54,107.127,244.645,162.219,44.826,0,2.369,2.963
151,Himachal Pradesh,Chamba,2000,33.993,52.28,24.993,9.733,28.497,90.188,145.487,141.654,79.866,0.049,3.213,3.802
152,Himachal Pradesh,Hamirpur,2000,24.376,40.377,14.044,4.305,19.756,96.383,201.116,147.078,73.683,0,3.613,1.578
153,Himachal Pradesh,Kangra,2000,28.041,42.657,17.565,5.745,21.927,90.244,188.515,143.288,76.795,0,3.477,2.417
154,Himachal Pradesh,Kinnaur,2000,20.2,66.698,19.299,11.959,51.085,191.409,143.574,181.698,68.985,0.2,1.18,1.146
155,Himachal Pradesh,Kullu,2000,27.747,61.855,21.371,9.797,38.952,155.845,153.35,171.134,82.309,0.07,2.287,2.272
156,Himachal Pradesh,Lahul & Spiti,2000,25.583,57.154,22.093,13.315,41.384,119.965,103.262,120.885,53.799,0.173,2.472,2.346
157,Himachal Pradesh,Mandi,2000,26.028,49.793,16.367,5.736,25.561,120.049,184.521,164.051,80.74,0,2.957,1.826
158,Himachal Pradesh,Shimla,2000,23.775,56.475,16.643,6.909,33.728,162.576,183.044,190.284,80.394,0.115,1.952,1.408
159,Himachal Pradesh,Sirmaur,2000,19.098,40.161,9.305,3.31,21.466,130.022,230.738,177.744,61.311,0,2.299,0.698
160,Himachal Pradesh,Solan,2000,19.16,35.704,9.048,2.986,17.67,101.817,224.145,149.678,59.899,0,3.112,0.7
161,Himachal Pradesh,Una,2000,21.006,30.856,10.506,3.125,15.911,78.052,217.489,128.04,60.378,0,4.023,1.099
162,Jammu & Kashmir,Anantanag,2000,62.182,65.002,46.655,21.121,38.815,54.173,111.315,97.848,55.011,0.181,6.761,8.773
163,Jammu & Kashmir,Badgam,2000,70.566,59.695,43.416,17.757,32.899,51.711,159.079,112.641,56.276,0.201,9.744,8.649
164,Jammu & Kashmir,Baramula,2000,81.595,67.386,53.014,23.135,41.969,51.626,114.974,110.859,58.605,0.924,8.285,10.598
165,Jammu & Kashmir,Doda,2000,45.749,58.12,35.045,16.409,35.42,66.237,114.917,109.528,60.273,0.167,4.624,5.97
166,Jammu & Kashmir,Jammu,2000,35.877,28.728,16.025,5.122,16.229,51.528,238.415,110.177,47.554,0.004,5.646,3.273
167,Jammu & Kashmir,Kargil,2000,37.584,46.726,29.771,19.699,37.539,49.725,57.399,63.261,31.236,0.163,4.359,5.186
168,Jammu & Kashmir,Kathua,2000,31.705,37.103,19.085,6.142,18.662,66.524,204.112,126.388,66.601,0,4.364,3.261
169,Jammu & Kashmir,Kupwara,2000,46.302,32.506,30.172,15.666,27.396,26.156,37.163,40.962,35.857,5.031,4.294,9.063
170,Jammu & Kashmir,Leh,2000,11.323,23.516,10.838,13.33,25.586,28.749,18.621,28.335,8.196,0.033,1.439,1.331
171,Jammu & Kashmir,Pulwama,2000,66.404,64.708,47.466,21.454,38.682,51.947,116.908,97.64,53.609,0.2,7.824,9.059
172,Jammu & Kashmir,Punch,2000,75.486,57.376,34.127,13.401,36.066,66.727,174.499,174.141,64.255,0.487,7.204,7.223
173,Jammu & Kashmir,Rajauri,2000,52.914,38.84,21.752,7.741,25.548,56.703,207.501,149.243,52.108,0.189,6.051,4.573
174,Jammu & Kashmir,Srinagar,2000,72.632,66.853,54.541,26.294,44.345,44.817,84.268,80.521,46.863,0.25,7.647,10.198
175,Jammu & Kashmir,Udhampur,2000,42.533,39.567,23.636,8.282,20.373,56.497,210.735,120.583,58.426,0.077,5.625,4.915
176,Jharkhand,Bokaro,2000,9.003,48.375,0.293,37.059,47.513,186.207,155.084,169.394,242.675,14.467,3.935,0.708
177,Jharkhand,Chatra,2000,11.168,32.428,0.231,21.448,12.293,160.669,114.952,123.574,236.702,4.083,1.028,0.268
178,Jharkhand,Deoghar,2000,6.567,32.643,2.52,26.46,46.094,202.299,134.005,203.127,235.011,19.715,2.125,0.868
179,Jharkhand,Dhanbad,2000,7.302,45.483,0.969,40.446,57.437,196.422,149.885,191.084,225.425,18.642,4.985,0.912
180,Jharkhand,Dumka,2000,5.285,34.939,3.341,35.362,66.853,209.329,140.646,223.305,223.134,26.006,3.059,0.874
181,Jharkhand,Garwah,2000,10.392,27.612,0.002,10.559,8.349,188.301,166.248,122.087,218.563,4.219,0,0
182,Jharkhand,Giridih,2000,9.027,33.988,1.532,25.37,35.42,186.476,129.754,174.265,247.091,12.999,2.028,0.694
183,Jharkhand,Godda,2000,7.002,21.317,4.127,22.918,51.149,192.354,126.718,221.625,239.468,22.142,1.35,0.676
184,Jharkhand,Gumla,2000,6.392,59.009,0.2,17.933,14.027,247.97,179.415,231.761,188.999,11.468,1.101,0.112
185,Jharkhand,Hazaribagh,2000,10.336,43.444,0.33,28.463,28.79,178.191,138.366,152.888,243.266,9.503,2.129,0.538
186,Jharkhand,Kodarma,2000,10.354,30.284,1.112,21.957,23.4,173.974,117.882,151.018,250.12,8.054,1.293,0.528
187,Jharkhand,Lohardaga,2000,9.31,51.16,0.2,20.883,14.319,206.306,148.855,175.39,205.279,8.66,1.111,0.179
188,Jharkhand,Pakaur,2000,6.314,24.536,4.869,35.097,84.976,208.496,143.134,260.989,227.81,31.823,3.303,1.106
189,Jharkhand,Palamu,2000,10.145,36.893,0.123,17.244,8.297,179.441,130.026,132.564,219.917,6.093,0.271,0.047
190,Jharkhand,West Singbhum,2000,4.332,83.784,0.235,34.822,55.742,236.767,167.331,223.551,165.38,20.888,3.808,0.53
191,Jharkhand,East Singbhum,2000,3.209,74.749,0.3,57.616,101.682,225.462,159.26,224.27,172.929,29.785,6.245,0.789
192,Jharkhand,Ranchi,2000,7.69,63.409,0.199,28.614,33.204,205.837,158.763,190.652,197.848,13.564,2.496,0.498
193,Jharkhand,Sahibganj,2000,7.773,18.228,4.725,28.318,75.325,205.457,138.946,255.541,238.283,28.098,1.98,0.855
194,Karnataka,Bagalkot,2000,0,0.992,0,35.999,83.163,135.758,164.295,173.079,167.7,84.221,10.573,1.778
195,Karnataka,Bangalore,2000,0.037,11.832,0.074,80.108,73.289,89.692,99.856,193.458,132.482,291.835,13.405,14.699
196,Karnataka,Bangalore Rural,2000,0,9.833,0.002,81.99,78.12,93.181,102.937,200.521,138.413,278.017,9.848,8.556
197,Karnataka,Belgaum,2000,0,0.176,0,26.316,86.725,397.696,426.719,300.439,276.949,97.281,13.75,2.703
198,Karnataka,Bellary,2000,0,1.828,0,47.46,74.024,102.76,117.055,158.384,137.167,137.599,8.755,2.594
199,Karnataka,Bidar,2000,0,10.349,0,8.027,52.927,195.303,105.788,341.89,89.235,30.466,6.391,3.432
200,Karnataka,Bijapur,2000,0,1.983,0,22.747,67.553,125.319,106.289,160.135,142.43,70.803,8.748,2.701
201,Karnataka,Chamarajanagar,2000,0.084,11.213,1.4,94.091,67.794,261.376,282.111,411.803,122.795,310.562,43.407,39.126
202,Karnataka,Chikmangalur,2000,0,2.217,0,57.301,84.641,466.857,560.608,573.607,238.482,208.037,34.531,18.159
203,Karnataka,Chitradurga,2000,0,3.284,0,70.893,70.391,108.104,151.397,189.592,128.098,194.664,10.474,3.525
204,Karnataka,Davanagere,2000,0,2.55,0,59.438,76.22,232.72,325.513,322.932,189.933,180.729,13.103,3.253
205,Karnataka,Dharwad,2000,0,0.565,0,38.536,93.461,458.747,535.155,380.994,362.597,144.06,14.204,1.415
206,Karnataka,Gadag,2000,0,1.363,0,45.234,84.819,242.16,270.034,248.927,219.906,117.298,11.935,1.448
207,Karnataka,Gulbarga,2000,0,5.402,0,17.521,62.877,144.469,82.011,228.641,129.263,54.815,5.793,2.376
208,Karnataka,Hassan,2000,0,4.536,0,72.844,88.637,524.653,684.492,769.96,226.733,260.445,37.498,23.125
209,Karnataka,Haveri,2000,0,0.817,0,49.026,85.821,373.794,485.364,398.403,290.145,172.949,14.273,2.803
210,Karnataka,Kodagu,2000,0,2.711,0.03,45.109,67.146,378.283,397.252,437.528,136.748,197.378,63.195,48.522
211,Karnataka,Kolar,2000,0,14.185,0,59.625,79.147,98.407,98.452,231.171,149.143,256.67,12.741,8.999
212,Karnataka,Koppal,2000,0,1.121,0,42.815,76.711,121.223,124.522,155.467,158.69,113.013,8.845,1.872
213,Karnataka,Mandya,2000,0,7.284,0.095,89.75,79.499,293.056,418.917,549.238,155.694,297.388,28.921,22.082
214,Karnataka,Mysore,2000,0,6.083,0.261,86.088,93.234,524.761,583.767,685.314,155.105,303.512,68.79,44.43
215,Karnataka,Raichur,2000,0,2.705,0,29.93,70.863,87.087,62.31,140.388,137.368,86.874,6.176,2.11
216,Karnataka,Shimoga,2000,0,0.799,0,36.786,77.518,462.593,551.151,474.919,268.698,152.656,24.447,11.721
217,Karnataka,Tumkur,2000,0,5.268,0,82.021,74.322,137.782,191.403,273.497,148.013,251.78,11.09,5.99
218,Kerala,Idukki,2000,2.842,70.11,20.325,173.538,35.012,285.638,191.509,604.035,257.829,292.497,86.93,64.771
219,Madhya Pradesh,Balaghat,2000,1.556,29.257,0.068,1.667,25.11,182.735,460.997,180.127,134.784,13.11,0.001,0.155
220,Madhya Pradesh,Barwani,2000,0,0.059,0,0,28.619,132.639,259.935,130.755,35.148,13.549,2.685,1.227
221,Madhya Pradesh,Betul,2000,0,3.185,0.072,0,20.272,115.206,388.791,152.234,48.14,2.343,0.212,0.201
222,Madhya Pradesh,Bhind,2000,7.189,1.873,1.236,1.609,8.11,25.836,349.037,152.046,84.565,0.312,0.438,0
223,Madhya Pradesh,Bhopal,2000,0,1.766,0,0.077,20.251,86.736,595.544,128.271,45.133,3.844,0.677,0
224,Madhya Pradesh,Chhatarpur,2000,7.329,3.597,0.421,0.267,7.73,85.933,503.41,183.62,158.645,0.28,0.15,0
225,Madhya Pradesh,Chhindwara,2000,0.079,11.253,0.178,0,27.092,128.042,471.012,150.059,78.684,5.384,0.178,0.171
226,Madhya Pradesh,Damoh,2000,2.651,4.139,0.039,0,12.34,118.004,548.224,175.743,139.749,1.458,0.106,0
227,Madhya Pradesh,Datia,2000,6.363,1.643,0.993,1.056,9.702,37.493,454.444,146.864,79.98,0.428,0.565,0
228,Madhya Pradesh,Dewas,2000,0,0.753,0,0,24.321,111.184,379.643,138.228,27.776,11.313,0.446,0.007
229,Madhya Pradesh,Dhar,2000,0,0.259,0,0,22.959,97.616,250.045,115.717,19.332,11.498,0.876,0.107
230,Madhya Pradesh,Dindori,2000,5.167,29.365,0.2,3.037,20.62,175.346,365.066,181.208,166.509,7.142,0,0.173
231,Madhya Pradesh,East Nimar,2000,0,1.385,0,0,18.764,121.22,242.031,134.981,24.418,9.327,0.448,0.297
232,Madhya Pradesh,Guna,2000,1.406,3.69,0.207,0.404,19.737,49.976,503.56,94.514,37.81,2.816,1.694,0
233,Madhya Pradesh,Gwalior,2000,5.405,2.303,0.952,1.42,12.556,27.903,446.344,141.068,59.94,1.299,1.421,0
234,Madhya Pradesh,Harda,2000,0,1.334,0,0,21.943,112.905,376.745,149.881,35.486,6.242,0.297,0.146
235,Madhya Pradesh,Hoshangabad,2000,0,2.05,0.035,0,21.239,107.299,563.999,163.479,58.215,2.085,0.208,0.076
236,Madhya Pradesh,Indore,2000,0,0.47,0,0,25.594,102.153,267.638,116.745,18.357,13.527,0.34,0
237,Madhya Pradesh,Jabalpur,2000,2.497,12.927,0.192,0.034,22.638,145.026,454.547,189.049,164.14,4.488,0.126,0.098
238,Madhya Pradesh,Jhabua,2000,0,0.079,0,0,17.504,111.417,363.615,146.683,22.355,7.623,1.339,0.017
239,Madhya Pradesh,Katni,2000,4.325,9.472,0.091,0.085,20.879,137.726,410.907,202.856,209.668,3.3,0.008,0.083
240,Madhya Pradesh,Mandla,2000,3.61,26.458,0.2,1.183,23.999,178.664,449.292,202.871,175.846,7.947,0.052,0.192
241,Madhya Pradesh,Mandsaur,2000,0,1.889,0,0.136,17.475,66.254,435.434,107.922,19.986,4.389,4.257,0
242,Madhya Pradesh,Morena,2000,5.065,2.93,0.945,1.675,13.838,20.121,396.546,141.992,51.763,1.394,1.573,0
243,Madhya Pradesh,Narsimhapur,2000,0.531,7.63,0.137,0,19.409,117.905,570.153,154.622,97.269,3.184,0.2,0.01
244,Madhya Pradesh,Neemuch,2000,0,2.498,0,0.206,19.382,53.677,423.717,87.677,15.288,2.131,5.81,0
245,Madhya Pradesh,Panna,2000,6.167,5.742,0.021,0.017,10.842,106.8,465.181,194.456,207.721,0.792,0.007,0
246,Madhya Pradesh,Raisen,2000,0.065,1.156,0,0,20.695,96.341,719.814,153.362,62.1,1.679,0.216,0.014
247,Madhya Pradesh,Rajgarh,2000,0,2.384,0,0.18,14.644,70.303,489.027,107.472,34.999,5.565,2.067,0
248,Madhya Pradesh,Ratlam,2000,0,0.811,0,0.028,14.484,83.585,352.262,124.89,16.659,6.353,1.991,0
249,Madhya Pradesh,Rewa,2000,10.37,10.916,0,0.736,13.127,117.935,272.889,181.218,281.513,1.059,0,0
250,Madhya Pradesh,Sagar,2000,1.664,1.743,0.103,0.03,12.774,96.806,664.366,156.155,85.058,0.797,0.306,0.016
251,Madhya Pradesh,Satna,2000,8.211,8.489,0.016,0.144,13.323,108.044,356.356,204.045,258.202,1.309,0,0
252,Madhya Pradesh,Sehore,2000,0,1.129,0,0.008,21.879,103.718,522.058,146.409,42.834,5.629,0.368,0.063
253,Madhya Pradesh,Seoni,2000,1.034,21.053,0.159,0.093,32.295,153.023,457.333,159.711,128.728,8.319,0.151,0.193
254,Madhya Pradesh,Shahdol,2000,6.734,23.027,0.181,2.912,20.881,150.175,293.31,166.135,191.672,4.655,0,0.051
255,Madhya Pradesh,Shajapur,2000,0,1.525,0,0.043,17.509,86.462,444.776,126.821,31.222,8.982,1.849,0
256,Madhya Pradesh,Sheopur,2000,2.399,2.963,0.355,0.762,14.73,27.679,471.773,105.067,37.026,2.25,2.462,0
257,Madhya Pradesh,Shivpuri,2000,3.755,2.607,0.613,0.814,12.31,39.472,524.333,126.615,51.829,2.152,1.94,0
258,Madhya Pradesh,Sidhi,2000,9.736,16.162,0.014,2.81,16.612,142.089,234.083,148.199,244.456,1.986,0,0
259,Madhya Pradesh,Tikamgarh,2000,6.215,1.946,0.775,0.429,9.155,67.028,543.896,162.823,97.916,0.256,0.206,0
260,Madhya Pradesh,Ujjain,2000,0,0.875,0,0.028,18.153,92.692,363.696,127.118,21.741,10.713,1.657,0
261,Madhya Pradesh,Umaria,2000,6.184,16.698,0.195,0.934,20.214,144.368,344.986,198.603,217.126,4.256,0,0.136
262,Madhya Pradesh,Vidisha,2000,0.382,2.777,0.016,0.112,19.312,74.293,651.823,118.635,46.924,2.211,0.87,0.041
263,Madhya Pradesh,West Nimar,2000,0,0.678,0,0,23.243,109.779,191.141,111.489,20.768,11.756,0.939,0.798
264,Maharashtra,Ahmadnagar,2000,0,0.392,0,0.429,27.241,159.119,153.915,110.034,96.981,28.874,11.172,7.145
265,Maharashtra,Akola,2000,0,3.261,0,0,12.391,133.545,198.556,134.736,38.018,6.034,0.841,0.864
266,Maharashtra,Amravati,2000,0,3.922,0.004,0.016,16.055,127.674,273.619,140.844,37.683,4.138,0.221,0.136
267,Maharashtra,Aurangabad,2000,0,0.547,0,0.014,26.111,110.986,117.923,79.066,77.284,19.89,8.86,6.671
268,Maharashtra,Bhandara,2000,0.062,31.923,0,1.237,38.089,175.603,425.077,210.595,92.127,17.384,0,0.282
269,Maharashtra,Bid,2000,0,1.924,0,1.557,21.61,142.856,106.16,165.07,89.732,25.269,8.492,5.318
270,Maharashtra,Buldana,2000,0,2.553,0,0.025,16.544,130.459,160.046,123.299,51.635,10.469,3.202,3.478
271,Maharashtra,Chandrapur,2000,0,19.737,0,3.768,41.563,196.047,339.212,378.648,78.893,19.99,0.443,0.737
272,Maharashtra,Dhule,2000,0,0.054,0,0,33.24,158.123,344.17,176.65,73.468,19.282,6.392,3.404
273,Maharashtra,Gadchiroli,2000,0,23.929,0,6.486,38.358,232.707,283.87,350.593,82.466,42.395,0.628,0.533
274,Maharashtra,Gondiya,2000,0.257,29.954,0,2.5,29.687,190.535,427.047,221.608,102.141,23.131,0,0.206
275,Maharashtra,Hingoli,2000,0,3.857,0,1.229,14.169,159.343,175.134,254.783,70.859,10.181,2.421,2.724
276,Maharashtra,Jalgaon,2000,0,0.594,0,0,29.42,120.135,161.711,105.102,45.893,15.326,4.787,3.535
277,Maharashtra,Jalna,2000,0,1.767,0,0.238,16.754,122.479,116.792,108.335,79.02,15.82,6.719,6.471
278,Maharashtra,Kolhapur,2000,0,0.011,0,8.312,67.771,566.924,519.603,301.917,303.73,83.601,13.943,6.005
279,Maharashtra,Latur,2000,0,6.343,0,4.299,35.362,183.453,111.489,290.674,89.69,28.533,6.578,2.976
280,Maharashtra,Nagpur,2000,0.002,20.094,0.002,0.472,34.981,162.038,375.5,194.76,72.79,9.926,0.061,0.339
281,Maharashtra,Nanded,2000,0,8.674,0,3.771,24.712,185.863,184.63,366.92,69.762,13.2,2.387,1.416
282,Maharashtra,Nandurbar,2000,0,0,0,0,27.629,223.896,582.678,227.016,75.158,13.961,5.379,1.493
283,Maharashtra,Nashik,2000,0,0.05,0,0,31.947,235.818,370.646,179.802,104.453,22.553,7.799,4.55
284,Maharashtra,Osmanabad,2000,0,3.009,0,4.676,36.796,157.074,94.283,200.04,94.067,37.67,9.298,5.09
285,Maharashtra,Parbhani,2000,0,3.258,0,1.64,16.975,152.121,131.395,227.348,80.228,16.399,4.529,3.624
286,Maharashtra,Pune,2000,0,0.17,0,1.193,26.237,371.328,265.417,220.814,147.196,38.246,15.274,8.187
287,Maharashtra,Sangli,2000,0,0.201,0,13.394,56.204,293.62,290.853,257.377,186.336,69.728,15.531,6.235
288,Maharashtra,Satara,2000,0,0.044,0,4.676,35.948,481.896,369.293,297.793,225.503,58.23,19.526,9.094
289,Maharashtra,Solapur,2000,0,1.21,0,8.142,44.259,136.574,118.913,179.102,102.901,48.81,12.54,5.978
290,Maharashtra,Wardha,2000,0,11.481,0,0.64,30.725,154.814,334.043,221.09,62.213,7.334,0.213,0.379
291,Maharashtra,Washim,2000,0,3.88,0,0.132,11.049,135.168,194.276,162.05,53.883,4.563,1.274,1.67
292,Maharashtra,Yavatmal,2000,0,9.814,0,1.482,23.164,157.387,262.314,299.11,60.016,7.045,0.446,0.66
293,Manipur,Bishnupur,2000,18.014,40.286,94.021,333.106,447.231,245.141,332.811,543.36,257.808,124.602,6.759,5.418
294,Manipur,Chandel,2000,13.364,34.116,76.647,270.657,370.323,256.331,313.915,509.001,249.11,128.513,7.218,4.573
295,Manipur,Churachandpur,2000,17.233,42.056,92.3,384.852,513.963,266.953,358.359,629.666,284.919,135.916,7.235,6.277
296,Manipur,Imphal,2000,45.695,87.073,207.589,738.884,1014.092,440.562,645.047,1105.954,520.501,243.681,12.985,11.434
297,Manipur,Imphal East,2000,19.695,39.773,95.889,304.584,412.192,216.362,302.047,481.154,233.801,113.281,6.885,5.034
298,Manipur,Imphal West,2000,26,47.3,111.7,434.3,601.9,224.2,343,624.8,286.7,130.4,6.1,6.4
299,Manipur,Senapati,2000,19.123,35.072,94.664,260.582,359.546,181.237,276.057,424.606,212.553,95.44,6.877,4.323
300,Manipur,Tamenglong,2000,25.074,43.927,113.302,378.416,525.086,205.947,321.323,552.239,261.819,117.602,6.494,5.702
301,Manipur,Thoubal,2000,16.836,38.016,88.517,301.091,405.192,236.173,315.284,507.763,244.463,119.366,6.881,4.927
302,Manipur,Ukhrul,2000,15.818,32.184,77.754,207.242,288.973,181.476,258.165,386.416,198.283,93.675,7.179,3.582
303,Meghalaya,East Garo Hills,2000,12.552,16.774,31.646,91.249,646.321,587.055,330.703,588.789,268.915,83.473,7.037,2.002
304,Meghalaya,East Khasi Hills,2000,19.328,31.046,86.499,466.077,853.461,243.928,515.309,961.676,408.106,133.85,6.19,5.554
305,Meghalaya,Jaintia Hills,2000,21.939,40.322,106.923,498.447,826.683,204.104,489.094,904.61,416.691,135.672,4.531,5.047
306,Meghalaya,West Garo Hills,2000,9.637,17.389,21.395,89.464,513.219,447.415,274.197,477.157,242.95,73.163,6.793,2.696
307,Meghalaya,West Khasi Hills,2000,14.473,24.627,55.407,306.718,780.096,337.545,407.184,780.811,325.471,111.48,8.364,4.023
308,Mizoram,Aizwal,2000,16.834,38.905,67.901,336.646,499.463,221.825,299.284,590.067,261.103,132.08,15.889,7.801
309,Mizoram,Champhai,2000,16.65,35.701,77.072,324.841,470.205,262.281,301.398,598.689,272.104,140.742,13.796,8.215
310,Mizoram,Kolasib,2000,19.631,45.67,82.374,428.534,603.286,214.843,302.449,648.444,267.827,130.408,11.531,6.444
311,Mizoram,Lawngtlai,2000,10.403,20.391,38.892,211.612,419.091,388.574,473.147,683.465,309.955,182.979,43.62,9.713
312,Mizoram,Lunglei,2000,11.752,26.422,50.801,249.512,417.932,279.363,381.876,607.607,275.147,152.809,26.431,8.732
313,Mizoram,Mamit,2000,14.792,36.806,58.297,334.848,514.005,201.484,311.212,601.066,260.802,130.769,18.179,6.726
314,Mizoram,Saiha,2000,11.01,20.701,44.146,211.861,412.989,397.635,443.41,680.824,310.263,183.328,38.755,9.318
315,Nagaland,Kohima,2000,22.065,30.768,103.209,277.6,395.928,179.906,296.311,444.864,229.902,89.003,6.521,4.36
316,Nagaland,Mokokchung,2000,30.133,20.235,71.322,226.669,315.775,215.822,319.327,422.791,243.849,67.726,6.14,2.603
317,Nagaland,Mon,2000,31.935,18.155,65.189,214.53,290.455,239.922,334.368,406.441,255.927,64.617,6.591,1.581
318,Nagaland,Phek,2000,18.162,23.649,70.258,177.916,276.026,177.425,297.213,407.671,224.926,78.077,6.87,2.869
319,Nagaland,Tuensang,2000,23.875,19.843,61.756,169.403,259.075,200.026,311.254,403.042,237.334,71.113,6.722,1.985
320,Nagaland,Wokha,2000,26.191,23.185,83.577,246.996,341.83,197.78,299.868,422.017,228.417,71.986,6.109,3.419
321,Nagaland,Zunheboto,2000,23.396,21.644,69.736,192.973,287.222,192.591,305.8,413.524,232.52,72.676,6.489,2.66
322,Orissa,Anugul,2000,0.696,96.477,0.292,32.475,55.934,327.405,209.8,274.221,102.152,38.668,9.04,0.251
323,Orissa,Balangir,2000,0.961,53.883,0.134,22.222,26.893,329.997,221.752,292.47,124.977,50.973,0.871,0
324,Orissa,Baleshwar,2000,0.748,93.147,0.339,76.174,156.225,308.17,205.255,310.878,133.563,70.434,16.87,1.76
325,Orissa,Bargarh,2000,1.641,56.053,0.2,19.22,19.031,296.556,221.177,282.576,139.508,34.657,0.326,0
326,Orissa,Baudh,2000,0.743,80.095,0.214,26.597,39.415,316.714,212.848,267.899,102.415,35.227,5.297,0.055
327,Orissa,Bhadrak,2000,0.595,85.665,0.3,49.771,126.597,317.859,212.051,320.452,119.145,78.487,18.744,1.613
328,Orissa,Cuttack,2000,0.475,75.701,0.234,27.389,68.33,301.585,185.022,273.667,91.736,91.204,21.443,0.743
329,Orissa,Debagarh,2000,1.323,87.16,0.263,26.21,39.603,329.318,224.98,299.416,127.658,24.265,4.687,0.258
330,Orissa,Dhenkanal,2000,0.463,98.314,0.299,37.595,75.231,329.911,200.517,274.462,93.252,60.95,14.834,0.295
331,Orissa,Gajapati,2000,0.017,31.944,0.017,17.558,44.455,276.603,128.088,221.297,98.254,98.375,11.359,0
332,Orissa,Ganjam,2000,0.246,56.627,0.138,21.844,48.858,278.626,145.325,232.054,93.534,93.967,16.134,0.285
333,Orissa,Jagatsinghapur,2000,0.66,56.835,0.361,19.477,72.763,297.691,190.665,306.189,102.928,105.385,27.291,1.648
334,Orissa,Jajapur,2000,0.507,85.731,0.3,40.984,100.057,315.016,215.834,302.319,106.215,75.74,17.92,1.061
335,Orissa,Jharsuguda,2000,2.131,57.552,0.2,16.538,14.105,297.451,227.953,309.251,160.614,19.606,0.611,0
336,Orissa,Kalahandi,2000,0.216,48.605,0.021,29.508,47.225,360.304,231.403,330.199,106.98,77.491,1.639,0
337,Orissa,Kandhamal,2000,0.238,65.632,0.16,26.58,45.713,312.304,200.201,270.32,92.861,50.129,6.743,0.003
338,Orissa,Kendrapara,2000,0.673,67.368,0.479,36.049,112.831,330.029,218.075,331.742,118.8,93.731,25.569,2.129
339,Orissa,Kendujhar,2000,1.251,109.257,0.295,47.183,83.361,313.065,193.92,271.482,121.843,38.924,8.803,0.351
340,Orissa,Khordha,2000,0.45,68.653,0.2,23.563,58.547,285.937,160.974,250.816,91.34,110.995,25.061,0.736
341,Orissa,Koraput,2000,0,35.712,0,25.662,51.133,330.373,202.283,342.477,116.152,132.05,1.109,0.016
342,Orissa,Malkangiri,2000,0,40.814,0,18.43,61.528,342.412,221.29,382.211,125.949,123.513,2.526,0.106
343,Orissa,Mayurbhanj,2000,1.502,101.091,0.303,64.277,123.575,280.709,177.94,261.825,145.229,44.621,9.699,0.906
344,Orissa,Nabarangapur,2000,0.021,39.394,0,26.834,52.585,371.115,244.474,353.3,107.573,107.287,0.305,0.045
345,Orissa,Nayagarh,2000,0.353,77.505,0.201,26.868,56.51,296.653,169.901,244.109,82.851,84.583,17.598,0.287
346,Orissa,Nuapada,2000,0.797,38.871,0.092,20.99,27.479,327.877,237.096,301.666,126.668,60.095,0.001,0
347,Orissa,Puri,2000,0.377,52.019,0.174,20.791,63.895,290.977,158.919,256.04,90.492,91.952,22.758,1.189
348,Orissa,Rayagada,2000,0,32.017,0,27.763,51.943,319.848,205.783,315.718,102.925,75.441,4.435,0
349,Orissa,Sambalpur,2000,1.617,71.942,0.207,21.439,24.09,311.584,231.238,301.024,135.666,19.25,2.117,0.034
350,Orissa,Sonapur,2000,1.164,72.421,0.2,23.357,26.823,311.251,219.877,273.827,116.883,30.259,2.203,0
351,Orissa,Sundargarh,2000,2.701,67.928,0.213,20.254,22.675,292.213,214.953,298.975,166.28,17.822,1.794,0.136
352,Pondicherry,Karaikal,2000,28.947,40.689,2.799,27.463,11.534,16.358,19.663,168.963,312.933,124.632,193.387,178.641
353,Pondicherry,Pondicherry,2000,14.927,45.688,1.403,18.476,23.829,36.345,46.339,177.034,312.212,196.868,158.626,113.839
354,Pondicherry,Yanam,2000,0,46.8,0,7,63.6,400,216.1,395.5,165.3,93.5,11.6,1.4
355,Punjab,Amritsar,2000,15.121,12.774,4.595,0.765,8.564,38.12,244.057,69.272,25.702,0,4.813,1.269
356,Punjab,Bathinda,2000,9.479,15.66,5.699,0.261,6.824,32.785,181.316,50.152,12.039,0,3.676,5.755
357,Punjab,Faridkot,2000,8.907,11.536,4.089,0.052,5.829,29.427,192.772,47.518,13.283,0,3.621,3.303
358,Punjab,Fatehgarh Sahib,2000,14.772,23.856,6.574,1.093,11.104,63.224,226.412,102.741,32.409,0,3.706,3.176
359,Punjab,Firozpur,2000,8.275,8.43,2.493,0.057,5.269,26.505,180.634,42.934,12.211,0,3.986,1.779
360,Punjab,Gurdaspur,2000,22.548,23.542,10.412,3.033,13.743,55.622,234.585,101.535,46.976,0,4.655,1.434
361,Punjab,Hoshiarpur,2000,19.4,24.803,8.612,2.556,13.806,63.754,225.931,110.983,50.823,0,3.828,0.877
362,Punjab,Jalandhar,2000,13.315,15.321,4.461,1.147,10.826,50.27,230.161,89.349,35.509,0,4.01,0.415
363,Punjab,Kapurthala,2000,13.434,13.773,3.991,0.993,9.998,46.769,234.383,81.909,32.15,0,3.999,0.212
364,Punjab,Ludhiana,2000,13.246,19.824,5.477,0.83,9.999,51.385,223.791,87.918,29.52,0,3.705,2.968
365,Punjab,Mansa,2000,11.257,19.023,7.328,0.336,7.959,39.298,186.182,57.305,12.596,0,4.268,7.438
366,Punjab,Moga,2000,12.532,18.557,6.995,0.256,6.91,36.411,216.152,59.488,18.698,0,4.279,6.07
367,Punjab,Muktsar,2000,7.259,9.05,2.914,0.105,5.34,26.515,169.107,40.095,9.641,0,3.804,2.854
368,Punjab,Nawanshahr,2000,15.83,23.099,6.14,1.782,12.634,65.045,225.835,112.472,45.888,0,3.924,0.475
369,Punjab,Patiala,2000,17.076,28.438,9.035,1.095,11.907,70.607,226.917,107.303,29.849,0,3.684,6.064
370,Punjab,Rupnagar,2000,16.157,27.431,6.494,1.998,14.32,81.023,229.758,128.454,47.912,0,3.312,0.466
371,Punjab,Sangrur,2000,14.209,24.273,8.953,0.471,8.765,46.576,209.142,70.975,18.927,0,3.898,7.151
372,Rajasthan,Ajmer,2000,0.347,5.932,0.142,1.483,14.242,14.651,327.974,37.004,10.27,0,3.826,0
373,Rajasthan,Alwar,2000,7.727,22.468,5.041,2.094,17.122,42.753,311.998,96.733,22.022,0,2.645,7.801
374,Rajasthan,Banswara,2000,0,0.5,0,0.105,15.813,83.268,384.014,132.493,11.765,2.934,1.721,0
375,Rajasthan,Baran,2000,0.908,2.706,0.084,0.449,11.449,39.085,488.508,88.025,34.088,4.505,2.747,0
376,Rajasthan,Barmer,2000,0.026,1.927,0,0.545,3.023,5.362,132.564,34.739,0.714,0,1.858,0
377,Rajasthan,Bharatpur,2000,6.088,8.931,3.104,2.535,17.986,19.002,312.106,128.666,37.991,0.018,2.015,1.776
378,Rajasthan,Bhilwara,2000,0.03,4.222,0,0.623,17.376,26.002,360.382,43.457,9.536,0.033,5.669,0
379,Rajasthan,Bikaner,2000,2.421,2.682,0.118,0.347,3.863,16.821,118.014,25.04,2.19,0,3.313,0.22
380,Rajasthan,Bundi,2000,0.444,3.669,0.114,0.514,17.196,29.292,440.186,63.014,20.247,0.808,4.592,0
381,Rajasthan,Chittaurgarh,2000,0,2.429,0,0.348,18.334,50.15,383.594,83.065,11.371,1.35,5.313,0
382,Rajasthan,Churu,2000,4.849,10.641,2.256,0.706,7.853,33.868,192.816,40.864,4.375,0,4.876,3.989
383,Rajasthan,Dausa,2000,2.562,8.663,2.192,2.117,19.767,16.775,360.401,88.759,27.552,0,2.43,0.386
384,Rajasthan,Dhaulpur,2000,4.999,3.603,0.941,1.995,14.283,15.569,365.835,143.667,46.826,0.639,1.697,0
385,Rajasthan,Dungarpur,2000,0,0.233,0,0.18,20.742,71.348,430.597,122.916,8.963,1.293,1.59,0
386,Rajasthan,Ganganagar,2000,3.534,3.72,0.407,0.001,3.769,17.501,111.497,25.477,5.889,0,3.621,0.265
387,Rajasthan,Hanumangarh,2000,6.012,8.969,3.04,0.146,6.57,30.761,158.426,39.52,6.043,0,4.154,3.298
388,Rajasthan,Jaipur,2000,2.823,12.308,2.247,1.944,17.089,24.139,338.374,63.632,17.59,0,2.543,2.332
389,Rajasthan,Jaisalmer,2000,0.628,0.719,0,0.073,0.491,6.484,60.838,24.433,0.51,0,1.672,0
390,Rajasthan,Jalor,2000,0,1.391,0,0.412,9.362,16.337,250.63,51.391,1.79,0,2.127,0
391,Rajasthan,Jhalawar,2000,0.003,2.062,0,0.156,13.78,60.451,468.122,97.569,27.885,5.673,3.57,0
392,Rajasthan,Jhunjhunun,2000,7.003,21.378,3.854,0.877,10.832,52.439,262.48,61.758,7.693,0,5.356,9.534
393,Rajasthan,Jodhpur,2000,0.463,5.564,0,1.221,4.358,9.318,167.27,24.546,1.186,0,3.472,0.019
394,Rajasthan,Karauli,2000,3.163,5.489,0.836,1.658,19.513,18.166,401.785,114.816,35.445,0.268,2.5,0
395,Rajasthan,Kota,2000,0.47,3.028,0.028,0.359,15.188,37.245,473.398,75.423,25.103,2.886,3.981,0
396,Rajasthan,Nagaur,2000,1.416,10.69,0.276,1.827,8.231,20.28,254.282,30.089,4.269,0,4.031,1.565
397,Rajasthan,Pali,2000,0,4.288,0,1.09,12.255,16.06,311.954,37.108,3.186,0,3.508,0
398,Rajasthan,Rajsamand,2000,0,4.444,0,0.998,15.893,24.541,317.933,49.827,4.806,0,5.071,0
399,Rajasthan,Sawai Madhopur,2000,2.117,5.523,0.989,1.433,18.699,19.772,407.912,92.86,29.411,0.238,2.828,0.091
400,Rajasthan,Sikar,2000,4.616,18.975,2.444,1.389,10.889,44.503,289.875,52.833,7.799,0,4.282,6.606
401,Rajasthan,Sirohi,2000,0,1.329,0,0.407,15.352,26.645,370.346,65.797,3.254,0,2.662,0
402,Rajasthan,Tonk,2000,0.846,4.323,0.776,0.953,17.096,19.157,380.339,59.561,19.182,0.048,3.46,0
403,Rajasthan,Udaipur,2000,0,1.324,0,0.4,18.887,45.235,392.024,90.016,6.841,0.284,3.286,0
404,Sikkim,Sikkim,2000,36.838,34.425,250.811,163.691,689.918,1631.842,1265.769,1759.379,1668.751,9.06,0.2,0.877
405,Sikkim,East Sikkim,2000,7.554,8.462,52.7,39.021,207.331,456.01,344.728,478.257,449.982,5.541,0,0
406,Sikkim,North Sikkim,2000,11.524,9.634,91.586,43.805,149.937,395.607,310.433,462.708,380.574,1.395,0.166,0.673
407,Sikkim,South Sikkim,2000,8.589,7.917,50.426,39.686,168.04,389.903,304.636,405.727,420.279,1.11,0.005,0.029
408,Sikkim,West Sikkim,2000,9.171,8.412,56.099,41.179,164.61,390.322,305.972,412.687,417.916,1.014,0.029,0.175
409,Tamil Nadu,Ariyalur,2000,14.8,31.568,1.588,39.744,17.578,22.191,29.577,180.966,423.975,177.645,91.094,96.895
410,Tamil Nadu,Chennai,2000,1.498,53.976,0.035,14.39,27.954,77.208,108.573,123.98,184.917,236.439,136.547,56.926
411,Tamil Nadu,Coimbatore,2000,1.203,28.567,9.434,132.954,55.513,412.747,370.297,694.243,197.534,338.126,65.536,45.241
412,Tamil Nadu,Cuddalore,2000,14.536,37.125,1.684,29.252,22.815,29.21,37.546,179.449,345.133,188.883,123.977,103.756
413,Tamil Nadu,Dharmapuri,2000,0.857,17.9,0.312,63.024,58.481,64.602,72.423,174.55,190.164,299.325,25.237,23.843
414,Tamil Nadu,Dindigul,2000,7.57,52.019,11.704,133.17,29.498,144.399,131.476,398.263,314.322,266.562,83.666,63.721
415,Tamil Nadu,Erode,2000,1.765,23.464,4.816,97.773,44.361,172.944,185.859,361.234,163.459,300.014,46.093,43.303
416,Tamil Nadu,Kancheepuram,2000,5.442,60.91,0.355,16.247,31.412,60.386,86.591,155.813,238.434,235.795,140.023,75.058
417,Tamil Nadu,Karur,2000,7.094,37.569,5.539,94.676,26.543,58.499,72.835,247.431,304.4,254.36,71.631,65.275
418,Tamil Nadu,Madurai,2000,10.831,81.802,15.719,134.65,16.853,92.481,69.358,336.149,317.049,220.54,105.137,74.94
419,Tamil Nadu,Nagapattinam,2000,23.239,39.434,2.659,23.495,15.153,22.553,26.415,175.786,305.764,138.903,170.555,150.727
420,Tamil Nadu,Namakkal,2000,3.478,24.347,2.241,66.098,30.799,55.627,71.493,211.105,245.523,271.116,47.081,45.514
421,Tamil Nadu,Perambalur,2000,9.662,28.333,1.574,47.5,21.548,26.272,37.71,191.155,394.612,215.806,68.01,72.089
422,Tamil Nadu,Pudukkottai,2000,16.475,40.563,3.889,48.155,9.816,11.713,20.524,170.219,330.723,168.306,122.819,115.277
423,Tamil Nadu,Ramanathapuram,2000,31.121,109.804,13.797,80.651,3.066,11.78,6.741,143.083,245.448,118.027,162.643,135.836
424,Tamil Nadu,Salem,2000,3.266,20.577,1.056,54.429,36.553,47.557,59.716,189.814,265.574,273.22,42.342,40.693
425,Tamil Nadu,Sivaganga,2000,16.384,71.236,8.902,70.388,7.466,19.188,19.766,157.632,253.576,159.661,128.798,108.132
426,Tamil Nadu,Thanjavur,2000,18.974,30.692,2.616,37.587,11.68,16.775,25.943,199.827,369.706,153.463,128.717,130.509
427,Tamil Nadu,The Nilgiris,2000,0.001,10.241,2.938,110.548,78.702,543.243,489.005,712.94,148.351,337.618,84.866,53.859
428,Tamil Nadu,Theni,2000,5.786,81.99,24.097,212.647,36.478,304.841,207.33,694.111,364.812,321.553,96.727,54.773
429,Tamil Nadu,Thiruvallur,2000,0.417,53.184,0.005,22.159,37.755,84.386,114.174,129.131,171.303,239.049,94.852,44.563
430,Tamil Nadu,Thiruvarur,2000,31.123,55.999,3.929,40.7,12.965,17.997,20.128,180.472,347.68,129.606,194.736,168.479
431,Tamil Nadu,Thoothukkudi,2000,16.063,118.859,17.819,87.043,5.632,51.18,16.223,135.012,162.177,115.638,117.13,89.244
432,Tamil Nadu,Tiruchirapalli,2000,8.596,30.517,3.156,62.23,19.68,28.214,42.211,208.985,363.695,224.743,72.827,70.54
433,Tamil Nadu,Tirunelveli,2000,10.927,99.715,21.404,112.308,8.746,114.292,44.95,302.513,213.821,141.319,96.111,74.782
434,Tamil Nadu,Tiruvannamalai,2000,2.997,38.838,0.415,37.759,48.059,58.82,76.769,181.387,257.859,262.466,68.526,46.973
435,Tamil Nadu,Vellore,2000,0.765,34.589,0.111,42.703,56.664,81.595,95.281,172.692,205.866,267.029,45.824,30.495
436,Tamil Nadu,Viluppuram,2000,7.581,37.566,0.985,34.428,34.483,41.348,55.832,188.374,319.714,237.172,93.373,70.232
437,Tamil Nadu,Virudhunagar,2000,14.041,113.336,20.124,136.481,11.786,92.11,51.376,301.109,268.651,188.078,119.877,85.957
438,Tripura,Dhalai,2000,12.003,27.916,38.124,300.976,516.295,147.721,293.794,572.268,246.527,123.033,20.764,4.484
439,Tripura,North Tripura,2000,14.633,35.32,55.805,356.696,560.64,174.773,295.139,590.429,253.788,124.81,17.118,5.597
440,Tripura,South Tripura,2000,12.75,33.008,35.32,261.733,488.806,190.837,378.678,670.457,288.088,143.556,29.42,5.604
441,Tripura,West Tripura,2000,11.625,25.888,36.602,286.912,500.705,156.342,291.614,538.978,246.705,111.471,22.464,4.636
442,Uttar Pradesh,Agra,2000,6.214,3.47,1.629,2.429,11.274,14.005,303.544,149.869,55.786,0.332,1.217,0
443,Uttar Pradesh,Aligarh,2000,13.303,20.772,5.856,2.224,10.508,47.505,246.525,152.299,45.371,0.124,1.035,7.933
444,Uttar Pradesh,Allahabad,2000,11.864,10.924,0.109,1.189,10.376,104.691,231.486,167.39,305.58,0.355,0,0
445,Uttar Pradesh,Ambedkar Nagar,2000,11.427,16.286,1.26,4.025,8.774,87.356,129.521,153.447,201.183,0.399,0,0.031
446,Uttar Pradesh,Auraiya,2000,9.039,2.811,1.339,1.231,7.067,31.589,259.129,159.668,136.316,0.284,0,0
447,Uttar Pradesh,Azamgarh,2000,11.406,16.361,1.291,4.376,7.392,87.52,121.812,141.248,205.179,0.383,0,0
448,Uttar Pradesh,Baghpat,2000,22.893,40.706,13.932,0.86,13.144,86.52,268.454,136.201,24.317,0,2.34,20.748
449,Uttar Pradesh,Bahraich,2000,13.066,22.62,3.742,5.535,24.707,98.022,155.333,213.375,177.546,0.495,0,0.149
450,Uttar Pradesh,Ballia,2000,11.226,17.354,3.494,5.21,6.828,104.214,113.422,127.979,201.562,0.468,0,0.237
451,Uttar Pradesh,Balrampur,2000,12.018,19.297,4.416,6.914,20.319,131.845,161.013,193.662,203.13,0.493,0,0.467
452,Uttar Pradesh,Banda,2000,11.285,4.916,0.477,0.374,6.623,75.3,347.088,201.601,235.031,0.276,0,0
453,Uttar Pradesh,Barabanki,2000,12.373,13.424,1.23,2.167,13.789,73.217,169.407,186.622,204.569,0.399,0,0
454,Uttar Pradesh,Bareilly,2000,10.62,20.982,4.557,2.752,18.722,60.037,194.418,224.423,100.63,0.259,0,0
455,Uttar Pradesh,Basti,2000,11.678,15.302,1.892,4.022,11.749,96.981,133.743,164.574,195.294,0.4,0,0.144
456,Uttar Pradesh,Bijnor,2000,18.719,44.342,11.318,2.257,22.081,142.794,238.105,225.087,58.017,0.2,1.009,10.268
457,Uttar Pradesh,Budaun,2000,10.599,14.75,4.278,2.693,12.417,43.388,208.626,181.052,75.985,0.2,0.202,1.585
458,Uttar Pradesh,Bulandshahar,2000,17.594,33.628,9.041,1.814,11.854,75.786,255.706,158.851,39.417,0.101,1.109,14.388
459,Uttar Pradesh,Chandauli,2000,11.473,18.052,0.343,4.81,6.998,108.714,148.068,129.29,253.147,0.401,0,0
460,Uttar Pradesh,Chitrakoot,2000,11.088,8.164,0.093,0.084,8.824,91.297,321.373,199.645,276.375,0.361,0,0
461,Uttar Pradesh,Deoria,2000,11.387,14.555,3.888,6.69,9.958,108.707,128.17,142.969,208.001,0.447,0,0.364
462,Uttar Pradesh,Etah,2000,9.454,6.07,2.505,2.644,9.232,18.939,215.352,161.731,75.542,0.209,0.386,0.241
463,Uttar Pradesh,Etawah,2000,8.359,2.294,1.325,1.343,6.835,25.181,266.531,157.22,109.823,0.273,0.107,0
464,Uttar Pradesh,Faizabad,2000,11.955,15.436,1.09,3.318,11.451,83.717,139.186,170.974,195.422,0.401,0,0
465,Uttar Pradesh,Farrukhabad,2000,10.34,6.289,2.138,1.981,10.358,28.016,204.54,173.57,117.423,0.242,0,0
466,Uttar Pradesh,Fatehpur,2000,12.011,5.291,0.546,0.427,6.921,72.4,272.891,190.048,250.987,0.3,0,0
467,Uttar Pradesh,Firozabad,2000,7.808,2.764,1.856,2.415,8.157,14.215,253.439,153.978,68.994,0.248,0.647,0
468,Uttar Pradesh,Gautam Buddha Nagar,2000,18.993,35.299,9.644,1.538,11.063,75.125,270.388,145.171,31.009,0,1.597,18.24
469,Uttar Pradesh,Ghaziabad,2000,22.509,45.627,13.321,1.129,13.918,95.941,266.828,155.483,29.709,0.026,1.969,22.068
470,Uttar Pradesh,Ghazipur,2000,11.557,18.571,1.653,5.004,6.012,96.586,107.32,133.073,199.238,0.4,0,0
471,Uttar Pradesh,Gonda,2000,13.04,16.907,1.857,4.602,14.925,94.561,137.971,181.814,189.067,0.425,0,0.077
472,Uttar Pradesh,Gorakhpur,2000,12.162,15.945,3.412,6.729,11.045,108.955,135.508,149.666,205.998,0.414,0,0.261
473,Uttar Pradesh,Hamirpur,2000,10.414,3.494,0.675,0.686,6.838,56.113,353.517,181.975,180.046,0.238,0.001,0
474,Uttar Pradesh,Hardoi,2000,11.94,9.935,1.834,1.522,13.365,44.937,193.219,190.693,163.128,0.311,0,0
475,Uttar Pradesh,Hathras,2000,9.974,11.61,3.833,2.507,10.362,26.762,251.214,148.685,48.065,0.133,1.165,3.582
476,Uttar Pradesh,Jalaun,2000,8.83,2.717,0.908,1.182,7.486,40.687,340.587,161.689,136.769,0.22,0.005,0
477,Uttar Pradesh,Jaunpur,2000,11.514,13.408,0.733,2.705,8.37,84.761,155.288,147.416,248.575,0.314,0,0
478,Uttar Pradesh,Jhansi,2000,7.143,2.269,0.898,0.76,8.869,49.896,469.672,157.315,103.07,0.289,0.289,0
479,Uttar Pradesh,Jyotiba Phule Nagar,2000,19.449,41.526,11.557,1.906,16.052,109.703,239.566,196.538,49.1,0.2,0.668,14.068
480,Uttar Pradesh,Kannauj,2000,10.176,4.493,1.674,1.612,8.915,33.314,220.114,168.503,142.905,0.289,0,0
481,Uttar Pradesh,Kanpur Dehat,2000,10.491,3.467,1.096,1.098,7.491,41.303,265.372,166.723,169.58,0.3,0,0
482,Uttar Pradesh,Kanpur Nagar,2000,12.263,4.506,1.012,1.092,7.012,48.742,246.93,173.324,198.814,0.3,0,0
483,Uttar Pradesh,Kaushambi,2000,11.615,7.989,0.152,0.123,8.676,87.628,276.167,191.274,285.84,0.299,0,0
484,Uttar Pradesh,Kheri,2000,12.418,25.353,3.872,4.377,27.344,73.365,172.815,237.07,157.381,0.459,0,0.034
485,Uttar Pradesh,Kushinagar,2000,12.828,13.997,5.65,11.693,16.616,140.478,150.486,163.254,218.636,0.555,0,0.637
486,Uttar Pradesh,Lalitpur,2000,4.17,1.384,0.555,0.341,11.841,71,603.836,152.69,72.939,0.589,0.616,0
487,Uttar Pradesh,Lucknow,2000,12.427,9.249,0.936,1.058,11.208,64.157,198.457,185.266,223.8,0.38,0,0
488,Uttar Pradesh,Maharajganj,2000,13.327,15.34,6.817,11.937,21.823,159.59,169.737,178.597,214.982,0.542,0,0.809
489,Uttar Pradesh,Mahoba,2000,9.193,3.464,0.622,0.577,7.793,65.672,440.366,182.165,159.563,0.201,0.173,0
490,Uttar Pradesh,Mainpuri,2000,9.095,2.781,1.755,2.123,7.522,20.166,225.904,159.097,97.385,0.203,0.169,0
491,Uttar Pradesh,Mathura,2000,8.863,15.255,4.365,2.335,14.284,31.699,273.398,139.017,38.97,0,1.722,4.691
492,Uttar Pradesh,Mau,2000,11.261,16.565,2.265,5.045,7.169,94.915,115.368,136.829,200.331,0.4,0,0.102
493,Uttar Pradesh,Meerut,2000,22.041,43.414,13.326,1.427,16.037,107.256,259.314,171.437,36.133,0.031,1.849,18.701
494,Uttar Pradesh,Mirzapur,2000,11.769,14.699,0.117,2.447,10.411,119.205,202.087,144.093,287.889,0.56,0,0
495,Uttar Pradesh,Moradabad,2000,14.851,31.456,8.869,2.541,17.608,107.699,222.28,210.642,62.127,0.2,0.375,7.591
496,Uttar Pradesh,Muzaffarnagar,2000,20.994,39.618,12.716,1.49,16.421,106.696,256.141,167.478,37.12,0.009,2.193,14.726
497,Uttar Pradesh,Pilibhit,2000,11.482,29.747,5.17,3.376,27.804,65.356,190.334,259.253,127.221,0.341,0,0
498,Uttar Pradesh,Pratapgarh,2000,11.766,9.68,0.506,1.56,9.33,85.799,207.812,169.334,278.573,0.316,0,0
499,Uttar Pradesh,Rae Bareli,2000,11.836,7.345,0.585,0.761,8.116,72.588,229.005,185.754,260.473,0.307,0,0
500,Uttar Pradesh,Rampur,2000,11.215,26.793,6.757,3.07,20.933,107.029,202.932,234.244,80.359,0.265,0.076,1.832
501,Uttar Pradesh,Saharanpur,2000,17.619,37.072,9.676,1.951,18.367,118.195,249.368,177.862,45.969,0,2.456,6.174
502,Uttar Pradesh,Sant Kabir Nagar,2000,12.129,15.799,3.171,5.959,11.848,108.274,138.709,156.461,203.707,0.402,0,0.258
503,Uttar Pradesh,Sant Ravidas Nagar,2000,11.689,12.732,0.128,2.057,9.578,103.531,203.668,149.576,307.607,0.3,0,0
504,Uttar Pradesh,Shahjahanpur,2000,11.217,16.352,3.238,2.208,18.257,41.426,187.477,212.462,130.772,0.318,0,0
505,Uttar Pradesh,Shrawasti,2000,12.678,21.008,3.979,6.003,22.821,114.339,154.254,201.516,188.977,0.479,0,0.296
506,Uttar Pradesh,Siddharth Nagar,2000,12.992,16.87,4.896,7.024,17.814,135.344,163.9,182.785,210.401,0.495,0,0.538
507,Uttar Pradesh,Sitapur,2000,13.26,17.228,1.987,2.519,18.943,67.24,167.752,205.14,181.281,0.435,0,0
508,Uttar Pradesh,Sonbhadra,2000,11.205,19.26,0,5.372,10.635,150.403,191.954,128.437,248.885,1.471,0,0
509,Uttar Pradesh,Sultanpur,2000,11.52,12.727,0.873,2.679,9.242,79.497,168.068,166.126,232.163,0.399,0,0
510,Uttar Pradesh,Unnao,2000,12.943,6.024,0.909,0.794,8.67,55.026,221.055,179.27,215.042,0.33,0,0
511,Uttar Pradesh,Varanasi,2000,11.244,15.172,0.422,3.144,7.615,98.608,162.446,138.098,269.929,0.329,0,0
512,Uttaranchal,Almora,2000,11.797,52.851,11.472,5.529,45.787,222.563,193.082,304.371,96.823,0.552,0,0.24
513,Uttaranchal,Bageshwar,2000,14.025,68.744,16.04,9.536,63.1,243.649,200.017,304.771,99.397,1.325,0,0.52
514,Uttaranchal,Chamoli,2000,14.458,75.175,17.486,11.84,64.315,217.097,172.865,260.673,82.317,0.859,0.032,0.356
515,Uttaranchal,Champawat,2000,11.351,49.226,11.774,6.033,45.415,167.288,211.523,313.505,119.681,0.373,0,0.278
516,Uttaranchal,Dehradun,2000,17.207,43.529,9.58,3.577,26.408,156.571,225.072,213.68,68.948,0.082,1.687,0.464
517,Uttaranchal,Garhwal,2000,13.334,46.902,10.382,4.326,34.855,185.572,209.25,262.215,79.758,0.218,0.444,1.385
518,Uttaranchal,Hardwar,2000,16.958,40.476,9.527,2.459,22.4,140.211,246.859,209.35,56.355,0.097,1.748,5.301
519,Uttaranchal,Nainital,2000,11.06,44.744,8.997,4.264,34.883,178.341,192.442,293.656,95.259,0.277,0,0.954
520,Uttaranchal,Pithoragarh,2000,17.665,82.105,24.286,14.758,80.779,240.281,199.377,284.427,103.634,2.6,0,1.543
521,Uttaranchal,Rudraprayag,2000,15.392,72.449,16.962,10.621,59.512,214.334,170.704,249.883,79.982,0.288,0.19,0.325
522,Uttaranchal,Tehri Garhwal,2000,17.052,55.598,12.87,5.741,39.398,190.614,190.605,245.862,82.988,0.201,0.714,0.629
523,Uttaranchal,Udham Singh Nagar,2000,12.387,38.601,8.566,3.409,29.337,138.444,201.719,270.855,95.66,0.26,0.075,2.515
524,Uttaranchal,Uttarkashi,2000,18.497,66.812,17.123,9.696,49.559,192.465,160.303,214.488,75.877,0.206,0.731,0.796
525,West Bengal,Bankura,2000,3.682,58.063,0.687,68.874,112.843,209.735,178.329,230.86,189.252,30.781,7.887,1.104
526,West Bengal,Burdwan,2000,3.392,49.019,3.026,73.899,131.694,216.932,171.927,244.964,196.247,38.334,6.502,1.511
527,West Bengal,Birbhum,2000,4.276,38.559,4.435,53.44,104.988,214.122,149.719,241.783,205.048,35.05,4.497,1.174
528,West Bengal,Cooch Behar,2000,9.368,10.161,21.35,35.87,281.312,428.419,266.757,447.361,336.463,35.931,0.395,0.508
529,West Bengal,South Dinajpur,2000,11.59,13.076,6.093,36.553,146.3,255.908,181.002,300.042,232.962,36.278,2.389,1.716
530,West Bengal,Darjeeling,2000,7.445,7.925,36.101,35.693,173.807,393.307,303.628,411.698,418.773,6.92,0.023,0.023
531,West Bengal,Howrah,2000,1.611,65.722,0.504,101.638,173.844,251.188,213.029,292.988,192.374,65.248,18.864,3.2
532,West Bengal,Hooghly,2000,2.123,61.604,1.17,100.254,165.908,234.97,203.151,272.062,195.373,53.579,12.687,2.547
533,West Bengal,Jalpaiguri,2000,5.847,8.056,32.319,38.334,255.983,474.229,323.655,492.411,412.889,24.323,0.272,0.295
534,West Bengal,Kolkata,2000,1.79,62.537,0.694,100.817,176.787,243.795,213.877,282.749,196.186,61.61,16.282,3.316
535,West Bengal,Malda,2000,8.869,16.163,5.504,31.051,96.004,218.662,151.793,267.302,235.612,30.006,1.941,0.988
536,West Bengal,Midnapore,2000,1.576,69.524,0.367,93.579,167.988,275.046,207.53,295.715,172.934,56.07,16.401,1.816
537,West Bengal,Murshidabad,2000,5.737,31.289,5.985,55.917,141.133,215.97,166.709,273.874,192.319,39.079,5.545,1.673
538,West Bengal,Nadia,2000,4.623,44.536,5.04,83.662,184.635,227.885,189.419,283.066,170.619,46.524,9.395,2.674
539,West Bengal,North 24 Parganas,2000,3.228,50.214,2.126,94.403,199.223,248.81,223.673,303.648,184.47,74.594,23.704,4.68
540,West Bengal,Purulia,2000,5.839,55.326,0.35,45.157,73.091,188.494,166.34,197.047,196.007,19.739,6.35,1.047
541,West Bengal,South 24 Parganas,2000,1.428,49.142,0.655,77.403,155.517,221.999,189.89,268.508,159.559,71.876,25.054,4.149
542,West Bengal,North Dinajpur,2000,11.294,10.908,10.686,27.669,110.618,264.845,185.798,297.535,280.883,22.048,0.568,0.423